// random data set
87
46
54
58
83
45
15
18
65
27
45
16
9
58
99
93
106
16
44
64
2
69
79
57
22
26
28
32
52
11
99
44
49
98
24
65
49
50
96
85
76
4
59
92
70
16
47
6
43
99
22
6
81
94
77
11
5
66
94
43
68
24
6
64
29
52
60
97
21
94
48
54
37
50
19
89
43
45
54
44
98
44
32
97
20
81
49
9
95
67
20
27
4
22
85
69
15
83
81
20
43
23
33
40
31
59
52
47
87
46
23
38
55
5
73
78
12
42
60
45
80
31
39
42
89
8
27
100
61
84
75
16
70
78
11
30
41
67
21
18
4
89
89
96
22
8
55
61
16
59
28
53
22
77
5
58
37
57
23
66
93
5
67
88
75
78
84
85
12
58
77
34
35
9
58
89
31
83
70
9
83
9
86
68
4
46
1
15
56
42
61
92
19
2
25
63
25
47
96
78
37
60
58
49
56
12
74
51
75
55
63
58
93
99
46
87
32
79
58
41
68
63
96
78
92
76
42
62
7
4
98
96
23
61
53
56
71
40
33
90
17
53
79
95
87
51
30
33
17
69
93
95
18
100
55
52
26
82
55
57
26
1
45
40
87
60
12
80
47
33
32
72
23
51
35
11
90
87
29
54
40
73
94
24
75
43
96
18
16
80
81
23
29
46
22
72
10
16
88
70
29
73
19
9
36
60
54
45
39
5
24
23
15
33
66
75
79
10
78
11
14
36
95
23
28
30
100
94
12
89
100
9
46
93
81
9
20
92
6
71
40
68
13
83
77
26
100
21
4
78
22
50
8
1
41
98
10
94
61
79
39
46
30
24
94
89
36
81
41
89
66
13
13
22
92
34
7
38
21
68
69
51
80
93
17
83
34
39
58
37
96
95
8
14
59
16
30
64
98
85
45
85
20
21
93
23
57
54
24
75
25
51
58
75
7
27
23
21
31
80
76
64
95
15
1
37
39
50
40
20
97
46
15
52
4
14
79
75
72
90
40
54
12
57
55
36
17
70
50
89
58
36
5
63
80
1
97
77
93
25
64
56
77
85
36
99
2
74
98
21
6
36
81
40
1
28
96
73
38
44
7
2
48
12
6
70
96
61
11
89
20
33
29
17
69
13
41
48
69
93
98
93
44
7
82
93
11
54
55
57
1
51
86
17
44
76
73
85
59
29
42
14
95
60
66
33
88
29
3
100
35
18
27
74
5
55
13
15
36
32
19
98
4
83
10
85
12
6
39
92
87
59
54
30
30
59
23
24
66
27
3
50
13
57
28
38
91
13
11
51
42
44
4
21
2
24
14
8
54
42
16
80
54
66
53
7
48
48
76
50
68
10
36
95
100
50
50
93
19
17
58
40
85
12
58
71
94
9
71
90
51
52
93
26
60
53
1
64
82
78
40
90
85
99
62
8
95
38
7
54
32
27
36
83
93
1
65
31
29
15
93
22
29
46
63
21
64
86
82
15
4
18
16
52
5
69
94
49
45
86
21
30
49
2
82
90
81
52
30
68
86
61
86
36
69
3
33
81
95
20
94
16
92
93
45
12
73
39
34
11
24
24
46
80
73
35
99
63
67
4
98
31
34
40
78
65
63
76
65
67
85
16
95
7
84
35
84
44
86
30
26
1
77
40
66
98
17
22
3
50
61
42
17
5
78
90
6
78
88
92
97
77
33
2
28
18
59
29
1
18
1
32
41
41
96
6
81
77
43
77
45
45
48
69
56
28
46
73
67
97
97
76
78
31
83
54
32
36
42
11
72
59
5
51
32
99
100
41
63
24
50
86
5
13
72
55
85
2
91
39
53
18
15
95
86
94
23
25
79
48
41
61
71
98
4
58
94
11
89
24
65
66
8
70
70
67
46
15
87
12
74
10
26
47
13
26
42
41
87
63
93
56
41
36
27
15
63
62
18
6
85
22
92
16
81
22
98
53
81
85
65
4
1
87
35
48
65
22
76
15
6
56
59
11
61
94
21
4
53
43
88
81
48
83
92
98
87
28
54
97
88
10
36
60
32
44
45
49
41
6
19
57
27
94
54
45
77
84
2
12
44
10
86
59
69
48
15
76
21
47
77
22
17
37
33
10
92
14
33
67
18
11
45
28
61
83
60
19
100
77
16
34
72
50
57
34
90
2
76
38
97
95
13
80
3
9
51
34
91
1
87
24
38
69
79
59
31
93
44
78
20
30
81
83
98
92
37
61
53
30
54
65
5
44
62
17
42
48
46
84
6
97
43
80
3
22
27
53
64
62
3